0 0 0 0 0 0 0 0 0 0 0 0 0 0 0 0 0 0 0 0 0 0 0 0 0 0 0 0 0 0 0 0 0 0 0 0 0 0 0 0 0 0 0 0 0 0 0 0 0 0 0 0 0 0 0 0 0 0 0 0 0 0 0 0 0 0 0 0 0 0 0 0 0 0 0 0 0 0 0 0 0 0 0 0 0 0 0 0 0 0 0 0 0 0 0 0 0 0 0
0 0 0 0 0 0 0 0 0 0 0 0 0 0 0 0 0 0 0 0 0 0 0 0 0 0 0 0 0 0 0 0 0 0 0 0 0 0 0.0375 0.0375 0 0 0 0 0 0 0 0 0.125 0.125 0 0 0 0 0 1 0 0 0 0 0 0 0 0 0 0 1 0 0 0 0 0 0 0 0 0 0 0 0 0 0 0 0 0 0 0 0 0 0 0 0 0 0 0 0 0 0 0 0
0 0 0 0 0 0 0 0 0 0 0 0 0 0 0 0 0 0 0 0 0 0 0 0 0 0.1 0.1 0.1 0.1 0.1 0 0 0 0 0 0 0 0 0.0495049504950495 0.0495049504950495 0 0 0 0 0 0 0 0 0 0.153846153846154 0 0 0 0 0.25 0 0 0 0 0 0 0 0 0 0 1 1 0 0 0 0 0 0 0 0 1 1 1 1 1 1 1 1 1 1 1 1 1 1 1 1 1 1 1 1 1 1 1 1
0 0 0 0 0 0 0 0 0 0 0 0 0 0 0 0 0 0 0 0.0434782608695652 0 0 0 0 0 0 0.0606060606060606 0.0606060606060606 0.0606060606060606 0.0606060606060606 0 0 0 0.03125 0.03125 0 0 0 0.0571428571428571 0.0571428571428571 0 0 0 0 0.0476190476190476 0 0 0.0555555555555556 0 0.151515151515152 0 0 0 0 0.142857142857143 0 0.315789473684211 0.315789473684211 0.315789473684211 0.315789473684211 1 1 1 0 0.5 0 0 0 0 0 0 0 0 0 0 0.333333333333333 0.333333333333333 0.333333333333333 0.333333333333333 0.333333333333333 0 0 0 0 0 0 0 0 0 0 0 0.142857142857143 0.142857142857143 0.142857142857143 0.142857142857143 0.142857142857143 0.142857142857143 0.142857142857143 0.142857142857143
0 0 0 0 0 0 0 0 0 0 0 0 0 0 0 0 0 0 0 0 0 0 0 0 0.0625 0 0 0 0 0 0 0 0 0 0 0 0.166666666666667 0 0 0.0479704797047971 0 0 0.2 0 0.05 0 0.111111111111111 0.111111111111111 0 0.15625 0 0 0 0 0.25 0 1 1 0.25 0.25 0 0 0 0 0 0.2 0.2 0.2 0.2 0.2 0 0 0 0 0 0 0 0 0 0 0 0 0 0 0 0 0 0 0 0 0 0 0 0 0 0 0 0 0
0 0 0 0 0 0 0 0 0.0526315789473684 0.0526315789473684 0 0 0 0 0 0 0 0 0 0 0 1 0 0 0 0 0 0 0 0.0392156862745098 0 0 0 0 0.0666666666666667 0 0 0 0 0.072562358276644 0 0.25 0.333333333333333 0 0.121212121212121 1 0.5 0 0 0.228571428571429 0 0 0 0 0 0.2 0 0 0.0833333333333333 0.0833333333333333 0.166666666666667 0.166666666666667 0.166666666666667 0.166666666666667 0.166666666666667 1 1 1 0 0 0 0 0 0 0 0.2 0.2 0.2 0.2 0.2 0 0 0 0 0.5 0.5 0.5 0.5 0.5 0.5 0 0 0 0 0 0 0 0 0
0 0 0 0 0 0 0 0 0 0 0 0 0 0 0 0 0 0 0 0 0 0 0 0 0 0 0 0 0.0169491525423729 0.0169491525423729 0 0.0909090909090909 0 0 0.0465116279069767 0.111111111111111 0.2 0 0 0.0601659751037344 0 0 0.2 0.5 0.153846153846154 0 0 0.2 0 0.181818181818182 0 0 0 0 0 0 0 0 1 0.133333333333333 0.0909090909090909 0.0909090909090909 0.0909090909090909 0.0909090909090909 0.0909090909090909 0.285714285714286 0.285714285714286 0.285714285714286 0.285714285714286 0.285714285714286 0 0 0 0 0 1 0 0 0 0 0 0 0 0 0 0 0 0 0 0 0 0 0 0 0 0 0 0 0
0 0 0 0 0 0 0 0 0 0 0 0 0 0 0 0 0 0 0 0 0 0 0 0 0 0 0 0 0 0 0 0 0 0.05 0.05 0 0 0 0 0.108374384236453 0 0 0 0 0.181818181818182 0 0 0 0.2 0.2 0 0 0 0 0 0 0.333333333333333 0.333333333333333 0.333333333333333 0.333333333333333 1 1 1 1 1 1 1 1 1 1 0 0 0 0 0 0.5 0.5 0.5 0.5 0.5 0.5 0.5 0.5 0.5 0 0 0 0 0 0 0 0 0 0 0 0 0 0 0
0.142857142857143 0.142857142857143 0 0 0 0 0.2 0.0232558139534884 0 0.0980392156862745 0 0.0256410256410256 0 0 0.0416666666666667 0.0517241379310345 0 0 0 0.0434782608695652 0 0.0769230769230769 0 0.0506329113924051 0.0255102040816327 0.166666666666667 0 0.0487804878048781 0 0.050131926121372 0.0101010101010101 0.0101010101010101 0 0 0.0892018779342723 0.0952380952380952 0.0357142857142857 0.092485549132948 0.166666666666667 0.153692976104272 0.133333333333333 0.27536231884058 0.19047619047619 0.24390243902439 0.226452905811623 0.314285714285714 0.153846153846154 0.208121827411168 0.363636363636364 0.257342657342657 0 0.351851851851852 0.272727272727273 0.307692307692308 0.3 0.304347826086957 0.5 0.25 0.5 0.298245614035088 0 0 0 0.25 0.333333333333333 0 0.2 0.2 0.182795698924731 0.182795698924731 0.333333333333333 0.333333333333333 1 0.333333333333333 0.333333333333333 0.333333333333333 0.333333333333333 0.333333333333333 0.384615384615385 0.384615384615385 0 0 0.411764705882353 0.411764705882353 0.25 0 0 0 0 0.2 0 0 0 0 0 0.25 0 0.333333333333333 0.277777777777778
0 0 0.1 0.0588235294117647 0.166666666666667 0.210526315789474 0 0.03125 0 0.0495049504950495 0 0.12 0 0.0833333333333333 0.0211267605633803 0.046875 0.0909090909090909 0.2 0 0.0476190476190476 0.166666666666667 0 0 0.0487804878048781 0.027027027027027 0 0 0 0 0.0323624595469256 0.12 0.12 0 0.111111111111111 0.0894039735099338 0.209302325581395 0.0645161290322581 0.157894736842105 0.142857142857143 0.193318898855552 0.4 0.186046511627907 0.133333333333333 0.36734693877551 0.287709497206704 0.142857142857143 0.166666666666667 0.290909090909091 0.2 0.376146788990826 0.5 0.290322580645161 0 0.25 0.375 0.583333333333333 0.285714285714286 0.3 0.343642611683849 0.343642611683849 1 0.5 0 0.5 0.314814814814815 0 0.5 0.5 0.306122448979592 0.306122448979592 0.238095238095238 0.238095238095238 0 0 0.230769230769231 0 0 0 0.24 0.24 0.416666666666667 0.416666666666667 0.416666666666667 0.416666666666667 0 0 0 0 1 0.666666666666667 0 0 1 1 1 0.5 0.5 0.5 0.428571428571429
0 0 0 0 0 0 0 0 0 0 0.333333333333333 0.333333333333333 0 0 0.272727272727273 0.5 0 0 0.142857142857143 0.142857142857143 0 0 0 0.444444444444444 0.0714285714285714 0 0.0512820512820513 0.0512820512820513 0.0512820512820513 0.0512820512820513 0.230769230769231 0.230769230769231 0 0.146341463414634 0.146341463414634 0.230769230769231 0.166666666666667 0.258064516129032 0.5 0.241426611796982 0 0.470588235294118 0.181818181818182 0.25 0.234375 0.2 0.535714285714286 0.535714285714286 0 0.451923076923077 1 0.5 0.333333333333333 0.4 0.333333333333333 0.4 0 0.348484848484849 0.348484848484849 0.348484848484849 0 0 0 0 0.444444444444444 0.666666666666667 0.666666666666667 0.666666666666667 0.666666666666667 0.666666666666667 0 0 0 0 0 0 0.333333333333333 0.333333333333333 0.333333333333333 0.333333333333333 0.25 0.25 0.25 0.25 0 0 0 0 0 0 0 0 0 0 0 0 0 0 0.25
0 0.5 0 0.333333333333333 0 0 0 0 0 0 0 0 0.333333333333333 0 0 0.2 0 0 0.0789473684210526 0.0789473684210526 0 0 0 0 0.111111111111111 0 0 0 0.0857142857142857 0.0857142857142857 0 0 0.5 0.171428571428571 0.171428571428571 0.0625 0.4 0.230769230769231 0.235051546391753 0.235051546391753 0 0.272727272727273 0.166666666666667 0.3 0.346666666666667 0.5 0 0.214285714285714 1 0.515463917525773 0.142857142857143 0.142857142857143 1 1 0.291666666666667 0.571428571428571 0 0 0 0.304347826086957 0 0 0.333333333333333 0.333333333333333 0.333333333333333 0 0 0 0.75 0.75 0.333333333333333 0.333333333333333 0.333333333333333 0.333333333333333 0.333333333333333 0 0 0 0.333333333333333 0.333333333333333 0 0 0 0 0 0 0 0 0 0 0.25 0.25 0.25 0.25 0.25 0.25 0.25 0.25 0.25
0 0 0 0.166666666666667 0.181818181818182 0.111111111111111 0.333333333333333 0.318181818181818 0 0.137931034482759 0.230769230769231 0.230769230769231 0.333333333333333 0 0.0869565217391304 0.294117647058824 0 0.142857142857143 0.177777777777778 0.177777777777778 0.142857142857143 0.5 0 0.2 0.196428571428571 0.666666666666667 0.166666666666667 0.285714285714286 0.153846153846154 0.153846153846154 0.264705882352941 0.264705882352941 0.25 0 0.275510204081633 0.363636363636364 0.227272727272727 0.28125 0.166666666666667 0.363201391909526 0 0.5 0.407407407407407 0.5625 0.545263157894737 0.538461538461538 0.363636363636364 0.518072289156627 0 0.579972183588317 0.333333333333333 0.631578947368421 0.333333333333333 0.75 0.601036269430052 0.5 0.5 0.6 0.560747663551402 0.560747663551402 0.333333333333333 0.333333333333333 0.5 1 0.441860465116279 0.666666666666667 0 0 0.5 0.5 0.538461538461538 0.538461538461538 0 0.625 0.625 0 0 0.454545454545455 0.454545454545455 0.454545454545455 0.5 0.5 0.5 0.5 1 0.6 0.6 0.6 0.6 0.6 1 1 1 1 1 1 1 0.3 0.3
0 0.714285714285714 0 0 1 0.25 0.5 0.5 0.2 0.2 0 0 0 1 0.1 0 0 0.4 0 0.194444444444444 0.5 0.5 0.571428571428571 0.571428571428571 0 0 0 0 0.25 0.25 0 0.444444444444444 1 0.492753623188406 0.492753623188406 0.6 0.333333333333333 0.558823529411765 0 0.515742128935532 0.333333333333333 0.555555555555556 0.461538461538462 0.818181818181818 0.63758389261745 0.5 1 0.529411764705882 0.699619771863118 0.699619771863118 0.5 0.5 1 1 0.691176470588235 0.666666666666667 0.67910447761194 0.67910447761194 0.67910447761194 0.67910447761194 1 1 0.782608695652174 0.782608695652174 0.782608695652174 0 1 1 0.64 0.64 0.5 0.5 0.333333333333333 0.333333333333333 0.333333333333333 1 0.615384615384615 0.615384615384615 0.615384615384615 0.615384615384615 0.5 0.5 0.5 0.5 0.5 0.5 0.5 0.5 0.5 0.5 0 0 0 0 0 0 0 0 0.285714285714286
0 0 0 0.5 0.5 0 0 0 1 0.4 0.5 0.5 0 1 1 0 0.285714285714286 0.285714285714286 0.285714285714286 0.285714285714286 0.5 0.5 0.5 0.5 0.428571428571429 0.5 0.5 0.5 1 0.666666666666667 1 1 1 1 0.695652173913043 0.833333333333333 1 0.75 0.666666666666667 0.640287769784173 1 1 0.5 1 0.904761904761905 1 1 0.666666666666667 0.826086956521739 0.826086956521739 1 1 0.794871794871795 0.794871794871795 0.794871794871795 1 1 0.847222222222222 0.847222222222222 0.847222222222222 1 1 1 0.923076923076923 0.923076923076923 0 1 0.727272727272727 0.727272727272727 0.727272727272727 0.5 0.5 1 1 1 0.769230769230769 0.769230769230769 0.769230769230769 0.769230769230769 0.769230769230769 0.5 0.5 0.5 0.5 0.5 0.5 0.5 0.5 0.5 0.5 0.5 0.5 0.5 0.5 0.5 0.5 0.5 0.5 0.5
1 0 0 0.5 0.5 1 0 0 0.5 0.5 0 0 0 0 0 0 0 0 0.625 0.625 0 0 0 1 1 0 0 0 0.625 0.625 1 1 0.636363636363636 0.636363636363636 0.636363636363636 1 1 0.333333333333333 0.721311475409836 0.721311475409836 1 1 1 0.727272727272727 0.727272727272727 1 0.5 0.5 0.824324324324324 0.824324324324324 0.666666666666667 0.666666666666667 0.933333333333333 0.933333333333333 0.933333333333333 1 1 0.789473684210526 0.789473684210526 0.789473684210526 0.5 0.5 0.5 0.5 1 0.692307692307692 0.692307692307692 0.692307692307692 0.692307692307692 0.692307692307692 1 1 1 1 1 0 0 0.75 0.75 0.75 1 1 1 1 0 0 0 0 0 0 0.428571428571429 0.428571428571429 0.428571428571429 0.428571428571429 0.428571428571429 0.428571428571429 0.428571428571429 0.428571428571429 0.428571428571429
